1741859263214801352
1834775153457867695
1872601320549635039
1927691039405966742
1965517206497734086
2058433096740800429
2096259263832567773
2151348982688899476
2189175149780666820
2282091040023733163
2319917207115500507
2412833093063599554
2505748983306665897
2543575150398433241
2636491040641499584
2729406926589598631
2767233093681365975
2822322812537697678
2860148983924432318
2953064869872531365
2990891036964298709
3045980760115597708
3083806927207365052
3176722813155464099
3214548980247231443
3307464870490297786
3400380756438396833
3438206923530164177
3531122813773230520
3624038699721329567
3661864871108064207
3754780757056163254
3847696647299229597
60474009873915
