13434231199694103614
13527147089937169957
13581687291766517708
13636227497890832755
13674603182009584051
13690767704015147802
13712429349101351395
13713967962953788885
13729143388133899098
13745307910139462849
13766969555225666442
13767519067957683098
13768508164783136636
13783683589963246849
13799848111968810600
13805345239344417738
13806883848901887932
13821509757055014193
13822059274081998145
13823048370907451683
13838223796087561896
13844710015993655276
13854388318093125647
13859885441173765489
13860434958200749441
13861424055026202979
13876049963179329240
13876599480206313192
13877588577031766730
13892764002211876943
13898261125292516785
13899250222117970323
13899799739144954275
13908928524217440694
13914425647298080536
13930590169303644287
13931139682035660943
13932128778861114481
13936087292384284129
13937625906236721619
13947304204041224694
13952801331416831832
13953790428242285370
13954339940974302026
13963468726046788445
13968965853422395583
13985130375427959334
13985679888159975990
13986668984985429528
13991177011240615832
13992166108066069370
14001844410165539741
14007341533246179583
14008330630071633121
14008880147098617073
14018008932171103492
14023506055251743334
14029003182627350472
14031530889010274204
14039670577257307085
14040220094284291037
14041209191109744575
14045717217364930879
14046706314190384417
14056384616289854788
14061881739370494630
14062870836195948168
14063420353222932120
14078046261376058381
14083543384456698223
14084092901483682175
14086071095134589251
14094210783381622132
14094760300408606084
14095749397234059622
14100257423489245926
14101246520314699464
14110924822414169835
14116421945494809677
14117411042320263215
14117960555052279871
14121919068575449519
14132586467500373428
14138083590581013270
14148750989505937179
14149300502237953835
14154797629613560973
14155786726439014511
14159745235667216863
14161283849519654353
14170962151619124724
14171951244149610966
14176459274699764566
14187126669329721179
14192623796705328317
14203840708362268882
14209337831442908724
14214834958818515862
14215824055643969400
14225502353448472475
14226491450273926013
14230999480824079613
14241666875454036226
14247163998534676068
14252661125910283206
14254199735467753400
14280042559572787522
14281031656398241060
14285539682653427364
14301704204658991115
14307201327739630957
14307750844766614909
14308739941592068447
14334582765697102569
14335571862522556107
14340079888777742411
14345577011858382253
14356244410783306162
14361741533863946004
14363280147716383494
14383403178950149597
14384941792802587087
14394620094902057458
14400117217982697300
14410784616907621209
14416281739988261051
14417820349545731245
14437943385074464644
14438492902101448596
14439481998926902134
14449160296731405209
14454657424107012347
14465324818736968960
14470821946112576098
14472360555670046292
14476319069193215940
14477857678750686134
14492483591198779691
14493033103930796347
14494022200756249885
14503700502855720256
14509197625936360098
14515683850137420774
14525362147941923849
14526900761794361339
14530859275317530987
14532397884875001181
14547023797323094738
14547573310055111394
14548562406880564932
14558240708980035303
14563737832060675145
14569234955141314987
14570224051966768525
14579902354066238896
14581440967918676386
14585399477146878738
14601563999152442489
14602113516179426441
14603102613004879979
14607061126528049627
14608599736085519821
14618278038184990192
14623775161265630034
14634442560190553943
14639939683271193785
14656104205276757536
14656653722303741488
14661601328357397378
14662150845384381330
14672818240014337943
14678315367389945081
14688982762019901694
14694479889395508832
14699977012476148674
14710644411401072583
14711193924133089239
14716141534481712425
14716691051508696377
14727358446138652990
14732855569219292832
14739341793420353508
14749020091224856583
14754517218600463721
14765184613230420334
14765734130257404286
14770681740606027472
14771231253338044128
14781898652262968037
14787395775343607879
14792892898424247721
14793881995249701259
14803560297349171630
14809057420429811472
14819724819354735381
14820274336381719333
14825221942435375223
14830719069810982361
14832257679368452555
14841935981467922926
14848422201374016306
14858100503473486677
14863597626554126519
14879762148559690270
14880311665586674222
14885259271640330112
14885808788667314064
14886797885492767602
14896476187592237973
14902962407498331353
14912640709597801724
14918137832678441566
14923634955759081408
14934302354684005317
14934851867416021973
14939799477764645159
14941338091617082649
14951016389421585724
14962999736703286242
14972678038802756613
14988842556513353068
14989392073540337020
14994339683888960206
14995878293446430400
15005556595545900771
15016550846002147751
15017539942827601289
15027218240632104364
15043382762637668115
15048879885718307957
15050418499570745447
15054377013093915095
15071091047831495502
15072080144656949040
15081758446756419411
15103420091842623004
15108917214923262846
15109466731950246798
15125631253955810549
15126620350781264087
15136298652880734458
15147292899042014142
15148831512894451632
15157960297966938051
15163457421047577893
15180171460080125596
15181160556905579134
15201833105166329189
15203371714723799383
15212500504091253098
15217997627171892940
15234711661909473347
15235700758734926885
15240208789285080485
15256373311290644236
15257911920848114430
15267040705920600849
15272537833296207987
15278034956376847829
15279573565934318023
15289251868033788394
15290240964859241932
15310913513119991987
15327078035125555738
15332575162501162876
15333124675233179532
15334113772058633070
15343792074158103441
15344781170983556979
15365453719244307034
15370950842324946876
15381618241249870785
15387115364330510627
15388653978182948117
15398332275987451192
15409326526443698172
15410315623269151710
15419993925368622081
15436158447374185832
15441655570454825674
15443194180012295868
15447152693535465516
15452872482111766239
15463866732568013219
15464855829393466757
15474534127197969832
15490698649203533583
15496195776579140721
15497734386136610915
15501692899659780563
15518406934397360970
15519396031222814508
15529074333322284879
15550735978408488472
15552274592260925962
15556233105784095610
15556782618516112266
15573936237347129555
15583614539446599926
15594608785607879610
15597136496285770638
15605276184532803519
15606814798385241009
15610773307613443361
15628476443471444602
15632984469726630906
15633973566552084444
15649148991732194657
15651676702410085685
15659816390657118566
15661355000214588760
15665313513737758408
15683016649595759649
15687524675850945953
15688513772676399491
15703689197856509704
15714356592486466317
15719853719862073455
15726889456795150787
15737556851425107400
15742064881975261000
15743053978800714538
15758229403980824751
15774393921691421206
15780440561799045000
15781429658624498538
15792097057549422447
15796605083804608751
15797594180630062289
15812769605810172502
15819805342743249834
15828934127815736253
15835969864748813585
15846637263673737494
15851145289928923798
15852134386754377336
15867309811934487549
15874345548867564881
15883474333940051300
15890510070873128632
15901177465503085245
15905685496053238845
15921850018058802596
15928885750696912632
15938014540064366347
15960225697882586596
15976390219888150347
15983425956821227679
16014765904006901643
16030930426012465394
16037966162945542726
16069306110131216690
16092506369069857773
16123846316255531737
16147046570899205524
16201586777023520571
