30000
30101
30102
30103
30104
30105
30106
30107
30108
30109
30110
30111
30112
30113
30114
30115
30116
30117
30118
30119
30120
30121
30201
30301
30401
30402
30403
30404
30405
30406
30407
30408
30409
30410
30411
30501
30502
30503
30504
30505
30506
30507
30508
30509
30510
30511
30512
30513
30601
30602
30603
30604
30605
30606
30607
30608
30609
30610
30611
30612
30613
30614
30615
30616
30617
30701
30702
30703
30704
30705
30706
30707
30708
30709
30801
30802
30803
30804
30805
30806
30807
30808
30809
30810
30811
30812
30813
30814
30815
30816
30817
30818
30819
30820
30821
30900
30901
30902
30903
30904
30905
30906
30907
30908
30909
30910
30911
30912
30913
30914
31000
31001
31002
31003
31004
31005
31006
31007
31008
31009
31010
31011
31012
31013
31014
31015
31016
31017
31101
31102
31103
31104
31105
31106
31107
31108
31109
31110
31111
31112
31113
31114
31201
31202
31203
31204
31205
31206
31207
31208
31209
31210
31211
31301
31302
31303
31304
31305
31306
31307
31308
31309
31310
31311
31312
31313
31314
31401
31402
31403
31404
31405
31406
31407
31408
31409
31410
31501
31502
31503
31504
31505
31506
31507
31508
31509
31510
31511
31512
31513
31514
31601
31701
31702
31703
31704
31705
31706
31707
31708
31709
31710
31711
31712
31713
31714
31715
31716
31717
31801
31901
31902
31903
31904
31905
31906
31907
31908
31909
31910
31911
31912
31913
32001
32002
32003
32004
32005
32006
32007
32008
32009
32010
32011
32100
32101
32102
32103
32104
32105
32106
32107
32108
32109
32200
32201
32202
32203
32204
32205
32206
32207
32208
32209
32210
32211
32212
32213
32214
32215
32216
32301
32302
32303
32304
32305
32306
32307
32308
32309
32310
32311
32401
32402
32403
32404
32405
32406
32407
32408
32409
32501
32600
32601
32602
32603
32604
32605
32606
32607
32608
32609
32610
32611
32612
32701
32800
32801
32802
32900
32901
32902
32903
32904
32905
32906
32907
32908
32909
32910
32911
32912
32913
32914
32915
32916
32917
33001
33002
33003
33004
33005
33006
33007
33008
33009
33010
33011
33012
33013
33014
33101
33102
33103
33104
33105
33201
33300
33301
33302
33303
33304
33305
33306
33307
33308
33401
33402
33403
33404
33405
33406
33407
33501
33601
33701
33801
33901
34001
34101
34201
