101
102
103
104
301
302
401
402
403
404
405
501
502
503
504
505
506
507
508
509
510
701
702
703
704
801
802
803
804
805
806
901
902
903
904
905
906
907
908
909
910
1001
1002
1003
1004
1005
1006
1101
1102
1103
1104
1105
1106
1201
1202
1203
1204
1205
1206
1207
1301
1302
1303
1304
1401
1402
1501
1502
1503
1601
1602
1603
1604
1605
1606
1701
1702
1703
2201
2202
2203
2204
2205
2207
2208
2209
2210
2211
2212
2301
2302
2303
2401
2402
2403
2404
2405
2406
2501
2502
2503
2504
2505
2506
2507
2508
2509
2510
2601
2602
2603
2604
2605
2606
2608
2609
2610
2611
2612
2613
2614
2615
2616
2617
2701
2702
2801
2802
2803
2901
2902
2903
3001
3002
3003
3004
3101
3102
3103
3104
3105
3201
3202
3204
3205
3501
3502
3503
3504
3505
3506
3601
3602
3701
3702
3703
3704
3801 
3802 
3803 
3804 
3805 
3806 
3808 
3813 
3817 
3818 
3811 
4001
4003
4004
4005
3901 
3905
3907
3908
3909
3911
