100101
100102
100201
100202
100203
100204
100205
100206
100301
100302
100303
100304
100305
100306
100401
100402
100403
100404
100501
100502
100503
100504
100505
100506
100507
100508
100509
100601
100602
100603
100604
100605
100606
100607
100608
100609
100610
100611
100612
100613
100614
100615
100616
100617
100618
100619
100701
100702
100703
100801
100802
100803
100901
100902
100903
100904
101001
101002
101003
101004
101101
101102
101103
101104
101105
101201
101202
101203
101204
101205
101206
101207
101301
101302
101303
101304
101401
101402
101403
101404
101405
101406
101501
101502
101503
101504
101601
101602
101603
101604
101701
101702
101703
101704
101801
101802
101803
101804
101805
101901
101902
101903
102000
