532575944704
532575944705
532575944706
532575944707
532575944708
532575944709
532575944710
532575944711
532575944712
532575944713
532575944714
532575944715
532575944716
532575944717
532575944718
532575944719
532575944720
532575944721
532575944722
532575944723
532575944724
532575944725
532575944726
532575944727
532575944728
532575944729
532575944730
532575944731
532575944732
532575944733
532575944734
532575944735
532575944736
532575944737
532575944738
532575944739
532575944740
532575944741
532575944742
532575944743
532575944746
532575944747
532575944748
532575944749
532575944755
532575944762
532575944763
