11493336658368819222
11531162825460586566
11549959717013354451
11624078711408685613
11642875607256420794
11680701774348188138
11699498670195923319
11735791493204519841
11754820768743519300
11773617664591254481
11792414556144022366
11809910487599851003
11830240723235789710
11847736654691618347
11866533550539353528
11885330446387088709
11904359717631120872
11923156613478856053
11940652544934684690
11959449436487452575
11978478712026452034
11997275607874187215
12016072499426955100
12053898666518722444
12071394597974551081
12090191493822286262
12108988389670021443
12128017660914053606
12146814556761788787
12220933551157119949
12239730442709887834
12277556614096622474
12313849437105218996
12351675604196986340
12370472500044721521
12425794598592317502
12444591494440052683
12463388385992820568
12501214557379555208
12518710488835383845
12537507380388151730
12575333547479919074
12594130443327654255
12630423270631218073
12649452541875250236
12668249437722985417
12687046333570720598
12704542265026549235
12724872500662487942
12742368432118316579
12761165323671084464
12779962219518819645
12798991495057819104
12817788386610586989
12835284318066415626
12854081213914150807
12873110485158182970
12891907381005918151
12910704276853653332
12948530443945420676
12966026375401249313
12984823271248984494
13003620162801752379
13022649438340751838
13041446329893519723
13096768432736083000
13115565324288850885
13134362220136586066
13172188387228353410
13189684318684182047
13208481214531917228
13246307381623684572
13265104273176452457
13320426376019015734
13339223267571783619
13358020163419518800
13395846330511286144
13432139157814849962
13469965324906617306
13488762220754352487
13562881210854716353
13581678106702451534
13619504273794218878
13655797101097782696
13712420164037285221
13805336049985384268
15588164840585305788
15774985713601924716
15961806586618543644
