14053181368359469950
14331929034793701683
3715649483832769521
3808565369780868568
3846391536872635912
3879270097910747366
3901481260023934911
3939307427115702255
3972185983858846413
4010012150950613757
4032223313063801302
4065101874101912756
4070049480155568646
4102928041193680100
4162965370398634989
4195843927141779147
4233670094233546491
4255881256346734036
4288759817384845490
4293707423438501380
4326585984476612834
4386623313681567723
4419501870424711881
4457328041811446521
4479539199629666770
4517365371016401410
4550243927759545568
4610281256964500457
4643159813707644615
4680985985094379255
4703197142912599504
4741023314299334144
4773901871042478302
4833939200247433191
4866817761285544645
4904643928377311989
4926855090490499534
4959733647233643692
4964681257582266878
4997559814325411036
5019770976438598581
5057597143530365925
5090475704568477379
5128301871660244723
5150513033773432268
5183391590516576426
5188339200865199612
5221217757608343770
5281255086813298659
5314133647851410113
5351959814943177457
5411997144148132346
5444875700891276504
5504913030096231393
5537791591134342847
5575617758226110191
5597828920339297736
5635655087431065080
5668533648469176534
5728570977674131423
5761449534417275581
5799275701509042925
5821486863622230470
5892191591752109268
5985107477700208315
