10049307187660902399
10076334568983678576
1012110934995321482
10142223073609001446
10169250459226744919
10180049240700768790
10207076626318512263
10207084753610268649
10234112139228012122
10272965130943835133
10300000643853334992
10327028025176111169
10337826810945102336
10364854196562845809
10365881016891934180
1039138316318097659
10392908402509677653
10392916529801434039
10419943915419177512
10430742701188168679
10457770082510944856
1049937102087088826
10508013928577555891
10523658587136267726
10550685968459043903
10561484754228035070
10588512139845778543
10616574477379334069
10643601858702110246
10654400644471101413
10681428025793877590
10747316530419200460
1076964487704832299
10774343916036943933
10785142697510967804
10812170083128711277
10878058587754034147
10905085969076810324
10970974473702133194
10998001859319876667
11008800640793900538
11035828026411644011
11101716531036966881
11128743912359743058
11194632416985065928
11221659802602809401
11229239819711487466
11232458588371800568
11259485969694576745
11283780021540835217
11325374474319899615
11352401855642675792
11418290360267998662
1142852992330155169
11445317745885742135
11456116531654733302
11483143912977509479
11511206250511065005
11538233631833841182
11549032417602832349
11576059803220575822
11641948307845898692
11679774474937666036
1169880373652931346
11706801856260442213
117471030276866864
11772690360885765083
11799717746503508556
11865606251128831426
11892633632451607603
11903432418220598770
11930459799543374947
11996348304168697817
12005005912674766792
12023375689786441290
12059546114504114543
12089264194411764160
12116291575734540337
12127090361503531504
12154117742826307681
12154125874413031363
12181153260030774836
12220006247451630551
12247033633069374024
12247041764656097706
12274069145978873883
12284867931747865050
12311895313070641227
12312922137694696894
12339949519017473071
1235768878278254216
12377783817695964097
12404811203313707570
12470699707939030440
12497727089261806617
12508525875030797784
12535553256353573961
12563615593887129487
12590642979504872960
12601441760978896831
12628469146596640304
12694357651221963174
12721385032544739351
12732183818313730518
1273595045370021560
12759211199636506695
12780772005638046118
12825099704261829565
12835312211762361165
12852127089879573038
12945042975827672085
12955841761596663252
12982869142919439429
1300622430987765033
13048757651839729595
13075785033162505772
13141673537787828642
13168700919110604819
13179499704879595986
13206527090497339459
13272415595122662329
13299442976445438506
13365331481070761376
13392358866688504849
13403157648162528720
13430185033780272193
13458247371313827719
13485274752636603896
13496073538405595063
13523100919728371240
13556538098601325444
13611078304725640491
13616016809971437583
13626815591445461454
13653842977063204927
1366510935613087903
13719731481688527797
13746758863011303974
13812647367636626844
13839674753254370317
13850473534728394188
13877500920346137661
1393538316935864080
13943389424971460531
13970416806294236708
14063332696537303051
14074131482306294218
14101158863629070395
14101166995215794077
14128194376538570254
14167047368254393265
14194074749577169442
14221110266781636597
14258936433873403941
14286990639820235785
14314026152729735644
14332304195859572066
14344413440005681558
14351852319821502988
14386844397688919817
14417740824446825858
14437329330248747901
14444768210064569331
14475155497340515245
14482594377156336675
14530245216196846948
14537684096012668378
14568071387583581588
14575510263104435722
1459426821561186950
14660987273531680635
14668426153347502065
14698813440623447979
14706252320439269409
14753903159479779682
14791729330866514322
14799168206387368456
1486454207178930423
14884645216814613369
14892084096630434799
14922471383906380713
14929910263722202143
1497252988652954294
15015387274149447056
15022826153965268486
15051568380203126628
15088714658590591356
15108070288822851392
15108303160097546103
15115742039913367533
15144484266151225675
15146129327189313447
15153568207005134877
15162610490652199143
15182310433242993019
15237400152099324722
15239045217432379790
1524280374270697767
15246484097248201220
15275226323486059362
15312372601873524090
15331961103380478837
15339399983196300267
15350198768965291434
15368142209434158409
15369787270472246181
15377226150288067611
15405968376525925753
15424876993623545180
15432315873439366610
15461058099677224752
15462703160715312524
15470142040531133954
15498884266768992096
1552342711804253293
15555619046663411571
15563057926479233001
15591800152717091143
15593445218050146211
15600884093571000345
15629626319808858487
15648534936906477914
15686361103998245258
15693799983814066688
15722542210051924830
15779276994241311601
15786715869762165735
15817103161333078945
15824542041148900375
15853284263091791221
15883836381786130718
1590168878896020637
15910019047281177992
15917457927096999422
15938376587910445765
15946200153334857564
16002934937524244335
16010373813045098469
16039116039282956611
16040761104616011679
16048199984431833109
16076942210669691251
16133676990564110726
16141115870379932156
16169858096617790298
1617196260218796814
16226592880807177069
16234031760622998499
16262773986860856641
16264419047898944413
16300600153952623985
16355689872808955688
16357334933847043460
16393516039900723032
16450250824090109803
16524258097235556719
16617173983183655766
16659602474749410044
16710089873426722109
16714142680873725091
16747916040518489453
1683084764844119684
16840831926466588500
16933747816709654843
16971573983801422187
16971582115388145869
16998609496710922046
17064498001336244916
17091525386953988389
1710112150461863157
17102324168428012260
17129351554045755733
17157405759992587577
17157413891579311259
17184441272902087436
17195240058671078603
1720910936230854324
17222267439993854780
17288155944619177650
17315183330236921123
17325982111710944994
17353009497328688467
17381071834862243993
17408099216185020170
17418898001954011337
17435368572007656666
17445925383276787514
1747938317553630501
17489908773837004417
17511813887902110384
17538841273519853857
17549640059288845024
17576667440611621201
17642555945236944071
17669583326559720248
17735471835480010414
1776000655087186027
17762499216802786591
17773298002571777758
17800325383894553935
17866213888519876805
17893241274137620278
17926230414241590201
17959129778762943148
17986157160085719325
17996955945854710492
18023983327177486669
1803028036409962204
18052045664711042195
18089871831802809539
18116899217420553012
1813826822178953371
18182787722045875882
18209815103368652059
18220613889137643226
18247641270460419403
18275703607993974929
18302730993611718402
18313529775085742273
183359534902189734
18340557160703485746
18406445665328808616
1840854203501729548
18433473046651584793
18444271832420575960
1906742708127052418
1933770093744795891
1944568879513787058
1971596260836563235
2037484765461886105
2064512151079629578
210386916224965911
2130400655704952448
2157428037027728625
2168226822796719792
2195254204119495969
221185701993957078
2261142708744818839
2288170094362562312
2354058598987885182
2381085980310661359
2391884766079652526
2418912147402428703
2418920278989152385
2445947660311928562
24555140033800521
248213087611700551
2484800652027751573
2511828037645495046
2511836164937251432
2538863550554994905
2549662336323986072
2576689717646762249
2577716542270817916
2604743923593594093
2604752055180317775
2642578222272085119
2669605607889828592
2735494112515151462
2762521493837927639
2773320279606918806
2800347660929694983
2828409998463250509
2855437379786026686
2866236165555017853
2893263551172761326
2959152055798084196
2986179437120860373
2996978222889851540
3024005604212627717
3089894108837950587
3116921494455694060
314101592237023421
3182809999081016930
3209837380403793107
3220636166172784274
3247663547495560451
3313552052120883321
3340579437738626794
3406467942363949664
341128973559799598
3433495323686725841
3444294109455717008
3471321490778493185
3499383828312048711
3537209999698783351
3564237381021559528
3630125885646882398
3657153266969658575
3667952052738649742
3694979438356393215
3723041771594981445
3750069157212724918
3760867942981716085
3787895324304492262
3853783828929815132
3880811214547558605
3891609996021582476
3918637381639325949
3984525886264648819
4011553267587424996
407017478185122468
4077441772212747866
4104469157830491339
4115267939304515210
4142295324922258683
4208183829547581553
4235211210870357730
4301099715495680600
4328127101113424073
4338925882587447944
434044859507898645
4365953268205191417
4365961399791915099
4392988781114691276
4431841772830514287
444843645276889812
4458869154153290464
4458877285740014146
4485904667062790323
4496703452831781490
4523730838449524963
4524757658778613334
4551785044396356807
4551793175983080489
4578820557305856666
4589619343074847833
4616646724397624010
4682535229022946880
4709562614640690353
471871030894633285
471879158186389671
4720361396114714224
4747388781732457697
4775451119266013223
4813277286357780567
4840304667680556744
4906193172305879614
4933220557923623087
4944019339397646958
4971046725015390431
498906543804133144
5036935229640713301
5063962610963489478
5129851115588812348
5156878501206555821
5167677286975546988
5194704668298323165
5260593172923646035
5287620554246422212
5353509063166712378
537759535519956155
5380536444489488555
5391335230258479722
5418362611581255899
5446424949114811425
5484251116206578769
5511278501824322242
5577167006449645112
5604194387772421289
5614993173541412456
5642020554864188633
564786916842732332
564795048429456014
5670082892397744159
5697110278015487632
5707909059489511503
5734936445107254976
5800824949732577846
5827852331055354023
5838651116824345190
5865678498147121367
591822429752232191
5931567002772444237
5958594388390187710
6024482893015510580
602621215521223358
6051510274338286757
6062309060107277924
6089336441430054101
6155224946055376971
6182252331673120444
6248140836298443314
6275168217621219491
6285967003390210658
629648596843999535
630675421468055202
6312994389007954131
6313002516299710517
6340029901917453990
6378882893633277001
6405910274956053178
6405918406542776860
6432945787865553037
6443744573634544204
6470771954957320381
6471798779581376048
6498834292490875907
6525861678108619380
6536660459582643251
6563687845200386724
657702807085798675
657710934377555061
6629576349825709594
6656603731148485771
6667402516917476938
6694429898240253115
6722492235773808641
6749519621391552114
6760318402865575985
6787345788483319458
684738319995298534
6853234293108642328
6880261674431418505
6891060460200409672
6918087845818153145
695537101469322405
6983976350443476015
7011003731766252192
7076892236391575062
7114718403483342406
7141745789101085879
7207634293726408749
722564487087065878
7234661675049184926
7300550179674507796
7327577565292251269
7338376346766275140
7365403732384018613
7393466069917574139
7431292237009341483
7458319618332117660
7524208122957440530
7551235508575184003
7562034290049207874
7589061675666951347
7617124013200506873
7644151394523283050
7654950180292274217
7681977561615050394
7747866066240373264
7774893451858116737
7785692237627107904
7812719618949884081
7878608123575206951
788452991712388748
7905635504897983128
7971524009523305998
7998551395141049471
8009350180910040638
8036377562232816815
8102266066858139685
8129293452475883158
815480373035164925
8195181957101206028
8222209338423982205
8233008124192973372
8260035505515749549
8260043637102473231
826279158804156092
8287071018425249408
8325924010141072419
8352959523050572278
8379986908668315751
8390785694437306918
8417813075760083095
8418839900384138762
8445867281706914939
8445875413293638621
8483701580385405965
8510728961708182142
853306544421899565
8576617466333505012
8603644851951248485
8614443637720239652
8641471019043015829
8669533356576571355
8696560737899347532
8707359523668338699
8734386904991114876
8800275413911405042
881368877660487795
8827302795234181219
8838101581003172386
8865128962325948563
8931017466951271433
8958044852569014906
9023933357194337776
90443644659123391
9050960738517113953
9061759524286105120
9088786905608881297
9154675410234204167
9181702795851947640
919195049047222435
9247591300477270510
9274618681800046687
9285417467569037854
9312444848891814031
9340507186425369557
9378333353517136901
9405360739134880374
946222430369998612
9471249243760203244
9498276625082979421
9509075410851970588
9536102792174746765
9564165129708302291
9591192515326045764
9601991301095036931
9629018682417813108
9694907187043135978
9721934568365912155
9732733354134903322
9759760739752646795
9825649244377969665
9852676625700745842
9918565130326068712
9945592511648844889
9956391297417836056
9983418683035579529
