10092717171325200957
10130543338416968301
10223459228660034644
10354201285994868331
10378806314853345279
10447117171942967378
10528345263740946851
10577859229277801065
10670775115225900112
14519782103512964060
14571966454234073851
14612697989461063107
14650524156552830451
14705613879704129450
14743440046795896794
14836355932743995841
14874182099835763185
14929271822987062184
14967097990078829528
15052212822145802498
15060013876026928575
15097840043118695919
15145128708093901545
15182954875185668889
15190755933361762262
15216476778639003960
15238044598336967888
15275870765428735232
15283671819309861309
15309392664587103007
15321497990696595949
15347218835973837647
15368786651376834279
15402308554830169350
15406612818468601623
15414413876644694996
15440134721921936694
15461702541619900622
15499528708711667966
15507329766887761339
15533050612165003037
15545155933979528683
15570876779256770381
15592444594659767013
15625966498113102084
15630270766046501653
15638071819927627730
15663792665204869428
15723186651994600700
15730987710170694073
15756708555447935771
15768813877262461417
15794534722539703115
15816102537942699747
15823903596118793120
15853928709329434387
15861729763210560464
15887450608487802162
15946844595277533434
15954645653453626807
15980366498730868505
15992471820545394151
16018192665822635849
16039760485520599777
16077586652612367121
16085387706493493198
16111108551770734896
16170502538560466168
16178303596736559541
16204024442013801239
16216129763828326885
16241850609105568583
16263418428803532511
16296940327961900286
16301244595895299855
16309045649776425932
16334766499348634926
16356334314751631558
16394160481843398902
16401961540019492275
16427682385296733973
16439787707111259619
16465508552388501317
16487076372086465245
16519007570741869269
16520598271244833020
16524902539178232589
16532703597354325962
16558424442631567660
16617818425126331636
16625619483302425009
16651340328579666707
16689166495671434051
16710734315369397979
16748560482461165323
16782082385914500394
16841476372704231666
16874998271862599441
16912824438954366785
16934392258652330713
16972218425744098057
17005740329197433128
17065134315987164400
17098656215145532175
17136482382237299519
17158050201935263447
17229398272480365862
17322314158428464909
19304617835080367
1934966507636870998
2027882397879937341
2065708564971704685
2120798283828036388
2158624450919803732
2251540341162870075
2289366508254637419
2344456227110969122
2382282394202736466
2475198284445802809
2513024451537570153
2605940337485669200
2698856227728735543
2736682394820502887
2829598285063569230
2922514171011668277
2960340338103435621
3015430056959767324
3053256228346501964
3146172114294601011
3183998281386368355
3239088004537667354
3276914171629434698
3369830057577533745
3407656224669301089
3500572114912367432
3593488000860466479
3631314167952233823
3724230058195300166
3817145944143399213
3854972115530133853
3947888001478232900
4040803891721299243
8657853621384538210
8750769511627604553
8788595678719371897
8881511564667470944
8974427454910537287
9012253622002304631
9067343340858636334
9105169507950403678
9198085398193470021
9235911565285237365
9328827451233336412
9459569508568170099
9552485398811236442
9645401284759335489
9683227451851102833
9776143342094169176
9869059228042268223
9906885395134035567
9961975118285334566
9999801285377101910
