111486701939452290
1136103030806106476
11517092155544732823
11610008041492831870
1173929197897873820
11740750098827665557
11759546994675400738
11890289047715267129
11909085943563002310
11983204937958333472
12002001829511101357
12039828000897835997
12058624892450603882
12113946990998199863
12132743886845935044
12206862881241266206
12255032081416244805
12263485944180768731
12264786904277707979
12292858248508012149
12338905898673039141
12356401830128867778
12357702794520774322
12385774138751078492
12393995617529370844
12404571030303846377
12413024893068370303
12487143887463701465
12488444847560640713
12505940779016469350
12507241743408375894
12516516191790944883
12526038639256111075
12535313087638680064
12543534570711939712
12554109983486415245
12591936150578182589
12609432082034011226
12635381871959396493
12636682836351303037
12656780692295977466
12666055144973513751
1266845083845972867
12672975663654866855
12684852036526281636
12690471595110695492
12712102795138540743
12713403755235479991
12728297762202462836
12740174135073877617
12741475099465784161
12758971030921612798
12784920825141965361
12786221785238904609
12787522749630811153
12803717716694733246
12806319645478546334
12833090025316943960
12840010543998297064
12880438635578910200
12881259225491922559
12889713088256446485
12908509979809214370
12934459774029566933
12935760738421473477
12937061698518412725
12963832078356810351
12982628974204545532
12983929938596452076
12989549492885898636
13011180692913743887
13027375659977665980
13029977588761479068
13039252037144048057
13082697762820229257
13083998722917168505
13104917168774855293
13132167923092147104
13133468887484053648
13160719641801345459
13175613648768328304
13187490025934710381
13207587881879384810
13226384773432152695
13232236711707830829
13251033607555566010
13253635532044411802
13280405911882809428
13283007836371655220
13299202807730544609
13306355706103161991
13307656666200101239
13337028974822311953
13338329934919251201
13345250457895571601
13355825870670047134
13366401279149555371
13373321802125875771
13381775660595432401
13383076624987338945
13401873516540106830
13413749893706488907
13429944860770411000
13432546789554224088
13455894654990763563
13459317169392621714
13466237688073974818
13475992510935437992
13487868888101820069
13504063855165742162
13505364819557648706
13522860751013477343
13560686918105244687
13563288842594090479
13580784774049919116
13587705292731272220
13605433603878365135
13615776636961576390
13627240248778065473
13634805912500575849
13637407836989421641
13653602804053343734
13656204732837156822
13665479181219725811
13672399699901078915
13682154522762542089
13710225866992846259
13730323727232487984
13765315590144145258
13773769448613701888
13786946785877023213
13830392511553204413
13858463855783508583
13877260751631243764
13879862676120089556
13886783194801442660
13890438088894565089
13909234980447332974
13924609361893210004
13925429951806222363
13932582850178839745
13933883810275778993
13945527807750896792
13951379741731607630
1397587141180806554
13983353974842664136
14008002804671110155
14009303769063016699
14026799700518845336
14064393487919348402
14082121799066441317
14114096032177497823
14129470413623374853
14158842717950618271
14165763236631971375
14251758608193684614
14279009362510976425
14324576638197109232
14353128356906307587
14363471389989518842
14371925248459075472
14381199701136611757
14404720071483144337
14442546238574911681
14457920620020788711
14502667305793909159
14535462124523010728
14595583191742008206
14597704746046927109
14606158604516483739
14634229948746787909
14635530913138694453
14636831873235633701
14666204181857844415
14759120067805943462
14829816547799416473
14889862125140777149
1490503027128905601
14905236506586654179
14998152392534753226
15017769874000533470
15082846799704559921
15121741551496969531
15371349289000254828
15496249046737182809
15533086117003496615
15560835954989575351
15615925678140874350
15653751845232641694
15683069919753801737
15719906990020115543
15756744060286429349
15784493898272508085
1583418917371971944
15869890792770420665
15906727863036734471
15943564933303048277
15980402003569362083
16008151845850408115
16056711661492072297
16093548736053353399
16130385806319667205
16167222876585981011
1621245084463739288
16231809789133340849
16243532534508691225
16280369604775005031
16317206679336286133
16417641565324506239
16430353407525310153
16467190477791623959
16504027552352905061
16617174280541929081
16654011350808242887
16690848421074556693
16727685495635837795
16803995153558548009
16840832223824861815
16877669294091175621
16914506368652456723
16990816026575166937
17027653096841480743
17064490167107794549
1714160970411838335
17214473969858099671
17251311040124413477
17438131913141032405
17779607336396854230
17834147542521169277
17888687748645484324
17911888007584125407
17966428209413473158
17997768156599147122
18020968415537788205
18052308362723462169
18075508621662103252
18161388770677124967
18184589029615766050
18215928976801440014
18239129235740081097
18293669441864396144
18340069955446711014
18348209643693743895
2030734803937837412
2161476861272671099
2254392747220770146
2292218914312537490
2347308637463836489
2385134804555603833
2608792747838536567
2701708633786635614
2739534800878402958
2963192748456302988
9500310554810534610
