12296259450731547416
13017485341865478991
13071540104511031345
13072025543694826742
13126080310635346392
13153107696253089865
14964526458373274409
15344783620755316969
17714361057757059922
2804993285223187820
465919388914800575
4887890997205561172
4914918378528337349
4968123283981063301
4995150665303839478
5020171664097865053
5051511611283539017
5100403950873367182
5131743898059041146
5146024914863030145
5185798660704593500
5226257201638532274
5229108204560985813
5254134448744069445
5256135590178729286
5267201181756266445
5288814187324096730
5315841572941840203
5334366735519571574
5348283330019562272
5361388875748256990
5392728822933930954
5415929077577604741
5421094854216400611
5452434801402074575
5487242126513422082
5523328716884984816
5528186106631156253
5558017193545882139
5585044574868658316
5587892089394267170
5595351660394461382
5603561003660486945
5609268254894452080
5690297860438186020
5721637807623859984
5804069715359989362
5831097096682765539
5864545928535376753
5924251911298487670
5936350382252293243
5938177243879348406
5967690329437967207
6018646366427528614
6021745096378486857
6062203637312425631
6103147613135192506
6150927033319832495
6170313166898497635
6182266980505506459
6184229765693455629
6191180923180020692
6193454917520273079
6276780288379964883
6317724268497699054
6323461590072324573
6354801537257998537
6384889822261004183
6490258825250191132
6571340973513486959
6663126907359521011
7055781458668624570
7301409988389596922
7433690659576868099
7559543910342033191
7600487890459767362
7667653444223072491
792121788651290781
857952168715392402
